lumi: 12400
#xsec in pb
dim_1_mass500_QBH.xs: 11.042927448
dim_1_mass1000_QBH.xs: 0.459860949
dim_1_mass1500_QBH.xs: 0.053979763
dim_1_mass2000_QBH.xs: 0.009511230
dim_1_mass2500_QBH.xs: 0.002101646
dim_1_mass3000_QBH.xs: 0.000529140
dim_1_mass3500_QBH.xs: 0.000141273
dim_1_mass4000_QBH.xs: 0.000039402
dim_1_mass4500_QBH.xs: 0.000011322
dim_1_mass5000_QBH.xs: 0.000003231
dim_1_mass5500_QBH.xs: 0.000000927
dim_1_mass6000_QBH.xs: 0.000000260
dim_1_mass6500_QBH.xs: 0.000000071
dim_4_mass500_QBH.xs: 719.045359360
dim_4_mass1000_QBH.xs: 32.791489809
dim_4_mass1500_QBH.xs: 4.046359479
dim_4_mass2000_QBH.xs: 0.743662186
dim_4_mass2500_QBH.xs: 0.167251654
dim_4_mass3000_QBH.xs: 0.042058717
dim_4_mass3500_QBH.xs: 0.011577248
dim_4_mass4000_QBH.xs: 0.003250624
dim_4_mass4500_QBH.xs: 0.000938814
dim_4_mass5000_QBH.xs: 0.000273793
dim_4_mass5500_QBH.xs: 0.000079172
dim_4_mass6000_QBH.xs: 0.000022267
dim_4_mass6500_QBH.xs: 0.000006042
dim_5_mass500_QBH.xs: 1025.850579890
dim_5_mass1000_QBH.xs: 47.216453273
dim_5_mass1500_QBH.xs: 5.845482296
dim_5_mass2000_QBH.xs: 1.072903816
dim_5_mass2500_QBH.xs: 0.242776513
dim_5_mass3000_QBH.xs: 0.061602106
dim_5_mass3500_QBH.xs: 0.016874379
dim_5_mass4000_QBH.xs: 0.004766470
dim_5_mass4500_QBH.xs: 0.001369775
dim_5_mass5000_QBH.xs: 0.000401103
dim_5_mass5500_QBH.xs: 0.000115487
dim_5_mass6000_QBH.xs: 0.000032211
dim_5_mass6500_QBH.xs: 0.000008864
dim_6_mass500_QBH.xs: 1354.246970700
dim_6_mass1000_QBH.xs: 62.778440511
dim_6_mass1500_QBH.xs: 7.802314115
dim_6_mass2000_QBH.xs: 1.434401679
dim_6_mass2500_QBH.xs: 0.324982311
dim_6_mass3000_QBH.xs: 0.083142136
dim_6_mass3500_QBH.xs: 0.022639248
dim_6_mass4000_QBH.xs: 0.006433105
dim_6_mass4500_QBH.xs: 0.001849471
dim_6_mass5000_QBH.xs: 0.000538370
dim_6_mass5500_QBH.xs: 0.000153521
dim_6_mass6000_QBH.xs: 0.000044075
dim_6_mass6500_QBH.xs: 0.000011871