lumi: 35866.7
#12400
#xsec in pb
zprime_mass500_SSM.xs: 9.56
zprime_mass600_SSM.xs: 5.03
zprime_mass700_SSM.xs: 2.83
zprime_mass800_SSM.xs: 1.704
zprime_mass900_SSM.xs: 1.075
zprime_mass1000_SSM.xs: 0.7141
zprime_mass1100_SSM.xs: 0.4775
zprime_mass1200_SSM.xs: 0.329
zprime_mass1300_SSM.xs: 0.234
zprime_mass1400_SSM.xs: 0.1675
zprime_mass1500_SSM.xs: 0.1226
zprime_mass1600_SSM.xs: 0.09071
zprime_mass1700_SSM.xs: 0.06808
zprime_mass1800_SSM.xs: 0.05166
zprime_mass1900_SSM.xs: 0.03912
zprime_mass2000_SSM.xs: 0.03027
zprime_mass2200_SSM.xs: 0.01847
zprime_mass2400_SSM.xs: 0.01147
zprime_mass2600_SSM.xs: 0.007258
zprime_mass2800_SSM.xs: 0.004695
zprime_mass3000_SSM.xs: 0.003079
zprime_mass3500_SSM.xs: 0.001163
zprime_mass4000_SSM.xs: 0.0004841
zprime_mass4500_SSM.xs: 0.0002196
zprime_mass5000_SSM.xs: 0.0001113
