lumi: 36458.8
#12400
#xsec in pb
zprime_mass500_SSM.xs: 10.11
zprime_mass600_SSM.xs: 4.772
zprime_mass700_SSM.xs: 2.605
zprime_mass800_SSM.xs: 1.844
zprime_mass900_SSM.xs: 1.181
zprime_mass1000_SSM.xs: 0.6157
zprime_mass1100_SSM.xs: 0.4658
zprime_mass1200_SSM.xs: 0.3278
zprime_mass1300_SSM.xs: 0.2398
zprime_mass1400_SSM.xs: 0.1635
zprime_mass1500_SSM.xs: 0.1329
zprime_mass1600_SSM.xs: 0.09283
zprime_mass1700_SSM.xs: 0.06432
zprime_mass1800_SSM.xs: 0.04263
zprime_mass1900_SSM.xs: 0.04336
zprime_mass2000_SSM.xs: 0.03056
zprime_mass2200_SSM.xs: 0.02034
zprime_mass2400_SSM.xs: 0.01184
zprime_mass2600_SSM.xs: 0.007589
zprime_mass2800_SSM.xs: 0.004399
zprime_mass3000_SSM.xs: 0.002951
zprime_mass3500_SSM.xs: 0.001134
zprime_mass4000_SSM.xs: 0.0005233
zprime_mass4500_SSM.xs: 0.0002056
zprime_mass5000_SSM.xs: 0.0001126
